%YAML:1.0

# Name: static / dynamic calib

cam0:
  T_cam_imu:
    - [0.9999291120311481, 0.010346410806480567, -0.005892596713035742, 0.03395327954001527]
    - [-0.010472912576459811, 0.9997062357820703, -0.021857727251679743, -0.01771990936265375]
    - [0.00566471665352888, 0.02191789045201512, 0.9997437256934238, -0.008440895188318377]
    - [0.0, 0.0, 0.0, 1.0]


  cam_overlaps: [1]
  camera_model: pinhole
  distortion_coeffs: [0.009520423686315315, -0.003081205082721326, 0.0007940589305285902, 0.00219463930152176]
  distortion_model: radtan
  intrinsics: [436.65111454554625, 435.15726627794936, 426.3181418502217, 240.606365806057]
  resolution: [848, 480]
  rostopic: /d455/infra1/image_rect_raw
  timeshift_cam_imu: -0.010442546985506812
cam1:
  T_cam_imu:
    - [0.9999438967175952, 0.01026185077725972, -0.0026263731373988774, -0.06080483696486459]
    - [-0.010315821168979727, 0.9997170293285458, -0.021434670609023102, -0.01773890858828241]
    - [0.002405670559579188, 0.021460561249253083, 0.9997668013392054, -0.008933791695114232]
    - [0.0, 0.0, 0.0, 1.0]

  T_cn_cnm1:
    - [0.9999946622072832, -0.00015608225129790334, 0.003263616900057346, -0.09473315318446957]
    - [0.00015469904387323065, 0.999999898114432, 0.0004240746741902252, -2.0674001036014728e-05]
    - [-0.003263682758071754, -0.00042356753215351095, 0.9999945844680351, -0.00038963506399753524]
    - [0.0, 0.0, 0.0, 1.0]
  cam_overlaps: [0]
  camera_model: pinhole
  distortion_coeffs: [0.010527586804442626, -0.004284095247437742, 0.0008696419028224719, 0.0013605809192197232]
  distortion_model: radtan
  intrinsics: [436.03257344134397, 434.43906610138, 425.3931798347179, 240.53075286288163]
  resolution: [848, 480]
  rostopic: /d455/infra2/image_rect_raw
  timeshift_cam_imu: -0.010458173498478777

