%YAML:1.0

# Name: static / dynamic calib

cam0:
  T_cam_imu:
    - [-0.00842034564566263, 0.9995851929330806, -0.0275416021346781, 0.04798589972389708]
    - [-0.05217340647956448, -0.02794423104667043, -0.9982469912839856, -0.053125791444590856]
    - [-0.9986025402709162, -0.00696864550308296, 0.052387064666066685, -0.11505072791954797]
    - [0.0, 0.0, 0.0, 1.0]


  cam_overlaps: [1]
  camera_model: pinhole
  distortion_coeffs: [-0.003322748087416598, 0.0030879594484771685, -0.0019052785601285551, 0.0015113903727466001]
  distortion_model: radtan
  intrinsics: [427.55681904380947, 427.36953646680473, 430.126116740379, 237.09823828103637]
  resolution: [848, 480]
  rostopic: /d455/infra1/image_rect_raw
  timeshift_cam_imu: 0.0026904753023578726
cam1:
  T_cam_imu:
    - [-0.00955693337917024, 0.9995648397277851, -0.027906920366699395, -0.04743677417210279]
    - [-0.051986060205435725, -0.028367110753895808, -0.9982448379890542, -0.05320051106522489]
    - [-0.9986020801944601, -0.0080893885704304, 0.052234540524959905, -0.11551594959775134]
    - [0.0, 0.0, 0.0, 1.0]

  T_cn_cnm1:
    - [0.9999992871483291, 0.00042454623446782735, 0.0011160032823494175, -0.0952716883444653]
    - [-0.00042434111931033327, 0.9999998930347439, -0.00018402476168437204, -7.553509563491451e-05]
    - [-0.0011160812899954637, 0.00018355106442002723, 0.9999993603355747, -0.0004019878116277416]
    - [0.0, 0.0, 0.0, 1.0]
  cam_overlaps: [0]
  camera_model: pinhole
  distortion_coeffs: [-0.0017981007934065828, 0.0007325834227125175, -0.001842589573197925, 0.001297801296319489]
  distortion_model: radtan
  intrinsics: [427.3508942909132, 427.1592137190857, 430.7267095938893, 237.1271144906504]
  resolution: [848, 480]
  rostopic: /d455/infra2/image_rect_raw
  timeshift_cam_imu: 0.0026829345574092426

