%YAML:1.0

# # Name: static / dynamic calib 2
imu0:
  T_i_b:
    - [1.0, 0.0, 0.0, 0.0]
    - [0.0, 1.0, 0.0, 0.0]
    - [0.0, 0.0, 1.0, 0.0]
    - [0.0, 0.0, 0.0, 1.0]
  # Values from allan plots
  # https://github.com/rpng/ar_table_dataset
  #accelerometer_noise_density: 0.0010382453726199955
  #accelerometer_random_walk: 4.132785219723178e-05
  #gyroscope_noise_density: 0.00010272083263292572
  #gyroscope_random_walk: 1.1106223553679963e-06
  # Inflated values (to account for unmodelled effects)
  #  - white noise multiplied by 2
  #  - bias random walk multiplied by 10

  # Below are from Xiangyu's launch file:
  # accelerometer_noise_density: 1.8515094551549899e-02
  # accelerometer_random_walk: 4.7394049851801258e-04
  # gyroscope_noise_density: 2.3872698052960000e-03
  # gyroscope_random_walk: 1.3424377530285312e-05

  # Taken from github, values are inflated based on their measurements:
  accelerometer_noise_density: 0.00207649074
  accelerometer_random_walk: 0.00041327852
  gyroscope_noise_density: 0.00020544166
  gyroscope_random_walk: 0.00001110622
  rostopic: /d455/imu
  time_offset: 0.0
  update_rate: 400
  # three different modes supported:
  # "calibrated" (same as "kalibr"), "kalibr", "rpng"
  model: "kalibr"
  # how to get from Kalibr imu.yaml result file:
  #   - Tw is imu0:gyroscopes:M:
  #   - R_IMUtoGYRO: is imu0:gyroscopes:C_gyro_i:
  #   - Ta is imu0:accelerometers:M:
  #   - R_IMUtoACC not used by Kalibr
  #   - Tg is imu0:gyroscopes:A:
  # M for gyro
  Tw:
    - [0.9973898226005837, 0.0, 0.0]
    - [0.00142717137724367, 1.004049221443868, 0.0]
    - [-0.0026877517193495083, 0.0026810578930912383, 1.0026208907819882]
  # C_gyro_i
  R_IMUtoGYRO:
    - [0.9999427231352762, -0.01031490085991883, 0.002855392977767436]
    - [0.01021460267047043, 0.9993979878850272, 0.03315605078477531]
    - [-0.003195675373353204, -0.0331249850054038, 0.9994461081155397]
  # M for accelerometer
  Ta:
    - [0.9990028046275053, 0.0, 0.0]
    - [0.005686526454047008, 1.0024101284914009, 0.0]
    - [-0.003064205752544424, -0.007659727739554868, 0.9983498423787053]
  R_IMUtoACC:
    - [ 1.0, 0.0, 0.0 ]
    - [ 0.0, 1.0, 0.0 ]
    - [ 0.0, 0.0, 1.0 ]
  Tg:
    - [-2.9107180606758347e-05, 0.0001558928578187767, 0.00012184498312771977]
    - [1.2487872765935136e-05, -0.0005430843703402745, -1.1408877783875483e-05]
    - [-9.9723874393767e-05, 0.0003505084395581078, -3.424974238607789e-05]

