%YAML:1.0

# Name: static / dynamic calib 2

cam0:
  T_cam_imu:
    - [0.9999594285799965, -0.003862679314732193, -0.008137622655212524, 0.03100461575482808]
    - [0.004120129843374591, 0.9994837997952155, 0.03186155170407857, -0.007398576172905801]
    - [0.00801035105602883, -0.03189378709763827, 0.9994591640585072, -0.007749603310342915]
    - [0.0, 0.0, 0.0, 1.0]
  cam_overlaps: [1]
  camera_model: pinhole
  distortion_coeffs: [0.009520423686315315, -0.003081205082721326, 0.0007940589305285902, 0.00219463930152176]
  distortion_model: radtan
  intrinsics: [436.65111454554625, 435.15726627794936, 426.3181418502217, 240.606365806057]
  resolution: [848, 480]
  rostopic: /d455/infra1/image_rect_raw
  timeshift_cam_imu: -0.01410742305649126
cam1:
  T_cam_imu:
    - [0.9999795906417828, -0.0041227494807371855, -0.004880700422250871, -0.06375283987576053]
    - [0.004278219178120406, 0.9994695750620729, 0.0322841348947667, -0.007417739446219697]
    - [0.0047450121766589096, -0.03230435670244203, 0.9994668145553832, -0.008237251839324682]
    - [0.0, 0.0, 0.0, 1.0]
  T_cn_cnm1:
    - [0.9999946622072832, -0.00015608225129790334, 0.003263616900057346, -0.09473315318446957]
    - [0.00015469904387323065, 0.999999898114432, 0.0004240746741902252, -2.0674001036014728e-05]
    - [-0.003263682758071754, -0.00042356753215351095, 0.9999945844680351, -0.00038963506399753524]
    - [0.0, 0.0, 0.0, 1.0]
  cam_overlaps: [0]
  camera_model: pinhole
  distortion_coeffs: [0.010527586804442626, -0.004284095247437742, 0.0008696419028224719, 0.0013605809192197232]
  distortion_model: radtan
  intrinsics: [436.03257344134397, 434.43906610138, 425.3931798347179, 240.53075286288163]
  resolution: [848, 480]
  rostopic: /d455/infra2/image_rect_raw
  timeshift_cam_imu: -0.014126206707620123

